1 0.8068700996916505 0.23095394386484855 0.09137545730507426 0.04791222480415879
0 0.802934452654166 0.3175645040877509 0.10061567208873327 0.10172133881498319
0 0.70197655038826 0.3359922828585812 0.10677581527783957 0.11056667262498177
0 0.7127568009691956 0.25748994529484415 0.09822006084852532 0.06265444782082294
0 0.9088546924890711 0.22739123809458373 0.031827406477048216 0.08501348231362185
0 0.6326124825034818 0.4942330266336684 0.10985588687239244 0.09803578306081719
0 0.5388414139581996 0.4256816896061797 0.09753560049418035 0.0921388938541515
0 0.5034205906208379 0.5716296974711551 0.12183394307343187 0.13046867369747744
0 0.5041050509751847 0.5097123608011658 0.00136892070869024 0.00810822265916542
0 0.432578943946119 0.4868619151253363 0.076659559686654 0.10540689456914926
1 0.23502133595625974 0.7438805389531086 0.161337083524208 0.1790127080594943
1 0.1648292281892342 0.6054841596129953 0.14387636019907735 0.13689207086902494
1 0.03771516238228241 0.8486806919465981 0.07543032476456482 0.1539408925567159
1 0.019206795657643824 0.6997541533088676 0.03841359131528765 0.14491504173018696
