0 0.35644531249999994 0.6741996552025138 0.099609375 0.09479421263966467
0 0.42431640625 0.7883396255237429 0.1005859375 0.12961657646648037
0 0.59130859375 0.5416812150837989 0.0849609375 0.07738303072625691
0 0.75390625 0.3578965171089385 0.072265625 0.07738303072625698
0 0.85400390625 0.4062609113128491 0.0849609375 0.06577557611731848
0 0.6271226491602035 0.12841335760599276 0.04896156549803393 0.06092130779564229
0 0.5833202568861359 0.04048060583789389 0.046331398756404026 0.07855642321017033
0 0.6715320029900318 0.02284549042336586 0.047949962905099286 0.044087788536320074
0 0.7244388186005107 0.02965905774261533 0.0517940527582509 0.05050055777796664
0 0.7406244600874637 0.08176280783099338 0.04855692446086064 0.053706942398789766
