0 0.8520090102568929 0.19024133937487414 0.09994633618193717 0.04083045189542961
0 0.850430910211915 0.267081981483634 0.10731080305850099 0.10604575700618522
0 0.763503899401046 0.2202970886867876 0.09915728615944829 0.061245677843144365
0 0.769027249558468 0.2843782145782244 0.10809985308099153 0.10547866739652587
0 0.6997852533482416 0.4169151588717696 0.1097155269365625 0.09316472158679381
0 0.6077294173911941 0.35142980902948584 0.09318305027488887 0.08857399205474642
1 0.4972624142427371 0.5355989128932069 0.12399357496255357 0.1344812502905024
1 0.3191090056936711 0.6400011309005831 0.15297908599276086 0.1666549056956308
1 0.24771876556371664 0.5271618718358332 0.1143317379524846 0.12614850500572092
1 0.06977993396161027 0.6164688380327372 0.13955986792322053 0.17282730372382096
1 0.1014492886057257 0.7501399603094413 0.17498660362680726 0.1832432353297979
